2 6.78495278708
3 28.0250730762
4 84.8679747841
5 218.338299691
6 502.508450393
7 1064.59305472
8 2111.31902159
9 3964.62987585
10 7107.81769576
11 12244.5224128
12 20372.4183442
13 32874.0326761
14 51627.0525136
15 79136.7503569
16 118693.303484
17 174556.911139
18 252173.836743
19 358426.596879
20 501921.746659
21 693318.818401
22 945704.176079
23 1275013.68169
24 1700508.2483
25 2245306.5136
26 2936979.02369
27 3808208.49548
28 4897520.86574
29 6250092.02632
30 7918635.27526
31 9964374.71145
32 12458109.9266
33 15481377.5487
34 19127715.3158
35 23504034.5599
36 28732107.1065
37 34950172.7928
38 42314673.9384
39 51002123.2949
40 61211112.1359
41 73164465.3374
42 87111550.4372
43 103330747.847
44 122132089.535
45 143860073.675
46 168896662.904
47 197664474.017
48 230630167.06
49 268308041.971
50 311263851.074
