n	L^2 integration	L^2 by mass
2	5.06485498E+02	5.06485206E+02
3	1.09592858E+01	1.09481139E+01
4	5.22941629E+01	5.22918228E+01
5	9.93781047E+00	9.92560429E+00
6	2.51826294E+00	2.46965415E+00
7	6.87248870E-01	6.10207283E-01
8	5.42416663E-01	4.40746816E-01
9	1.95226500E-01	1.57359267E-01
10	2.21493261E-01	1.88965122E-01
11	5.27473055E-02	4.50775443E-02
12	5.65838577E-02	4.95120159E-02
13	9.73143742E-03	8.54584448E-03
14	1.01104468E-02	8.97506087E-03
15	1.32069130E-03	1.17613036E-03
16	1.35128787E-03	1.21038672E-03
17	1.39031080E-04	1.24836336E-04
18	1.41083957E-04	1.27118655E-04
19	1.17625487E-05	1.06173900E-05
20	1.18788497E-05	1.07460917E-05
21	8.20615907E-07	7.43373484E-07
22	8.26263866E-07	7.49603660E-07
23	4.81470080E-08	4.37252829E-08
24	4.83850577E-08	4.39872684E-08
25	2.41313387E-09	2.19555472E-09
26	2.42193198E-09	2.20522108E-09
27	1.04662464E-10	9.53458786E-11
28	1.04950121E-10	9.56614927E-11
29	4.22270939E-12	3.61892229E-12
30	4.22833544E-12	3.62787710E-12
31	1.46300280E-12	1.21560161E-13
32	1.46672484E-12	1.22479969E-13
33	1.46176192E-12	2.15110270E-14
34	1.45536953E-12	2.47380516E-14
35	1.45470346E-12	4.91971612E-14
36	1.45750562E-12	1.49730846E-14
37	1.45596297E-12	1.54278515E-14
38	1.45497161E-12	3.50088270E-14
39	1.45410314E-12	1.13492078E-14
40	1.46045345E-12	3.19819976E-14
