n	proper L^2	grid spectrum of error	error in coefs	rate
4, 8.40086094E-01 8.40086094E-01 7.02668185E-14 4.17
6, 1.45152297E-01 1.45152297E-01 3.12302507E-14 4.33
8, 4.09953848E-02 4.09953848E-02 1.75672067E-14 4.39
10, 1.52557256E-02 1.52557256E-02 1.12431678E-14 4.43
12, 6.77708125E-03 6.77708125E-03 7.80787506E-15 4.45
14, 3.40596444E-03 3.40596444E-03 5.73644078E-15 4.46
16, 1.87461217E-03 1.87461217E-03 4.39203309E-15 4.47
18, 1.10628034E-03 1.10628034E-03 3.47030913E-15 4.48
20, 6.89893271E-04 6.89893271E-04 2.81097396E-15 4.48
22, 4.49915562E-04 4.49915562E-04 2.32317939E-15 4.49
24, 3.04476889E-04 3.04476889E-04 1.95216777E-15 4.49
26, 2.12566094E-04 2.12566094E-04 1.66343633E-15 4.49
28, 1.52390199E-04 1.52390199E-04 1.43433836E-15 4.49
30, 1.11779099E-04 1.11779099E-04 1.24950318E-15 4.49
32, 8.36424462E-05 8.36424461E-05 1.09824199E-15 4.49
34, 6.36955058E-05 6.36955058E-05 9.72880904E-16 4.49
36, 4.92650492E-05 4.92650491E-05 8.67820190E-16 4.49
38, 3.86357624E-05 3.86357624E-05 7.78916496E-16 4.50
40, 3.06792299E-05 3.06792299E-05 7.03014828E-16 4.50
42, 2.46364248E-05 2.46364247E-05 6.37697558E-16 4.50
44, 1.99864775E-05 1.99864775E-05 5.81083444E-16 4.50
46, 1.63654335E-05 1.63654335E-05 5.31689639E-16 4.50
48, 1.35147743E-05 1.35147743E-05 4.88342938E-16 4.50
50, 1.12481043E-05 1.12481042E-05 4.50099415E-16 4.50
52, 9.42917431E-06 9.42917425E-06 4.16176665E-16 4.50
54, 7.95712780E-06 7.95712773E-06 3.85959642E-16 4.50
56, 6.75643385E-06 6.75643377E-06 3.58923586E-16 4.50
58, 5.76991603E-06 5.76991595E-06 3.34635520E-16 4.50
60, 4.95385777E-06 4.95385768E-06 3.12739083E-16 4.50
62, 4.27452174E-06 4.27452165E-06 2.92923840E-16 4.50
64, 3.70564519E-06 3.70564510E-06 2.74944703E-16 4.50
66, 3.22661751E-06 3.22661740E-06 2.58571323E-16 4.50
68, 2.82114043E-06 2.82114032E-06 2.43621545E-16 4.50
70, 2.47623351E-06 2.47623339E-06 2.29939428E-16 4.50
72, 2.18148903E-06 2.18148891E-06 2.17381197E-16 4.50
74, 1.92850915E-06 1.92850902E-06 2.05828111E-16 4.50
